1
B1
V
0.2508198820443808 0.17163744568824768 -0.1408591896297577
0.12696911049686813 0.17500001192092896 -0.17500045178650944
0.12375996787354315 0.17163744568824768 -0.14085965634688286
0.11974171446432746 0.16742688417434692 -0.1269793698397495
0.12674556315274954 0.16167892515659332 -0.10803085990088881
0.25081976145751844 0.16167892515659332 -0.1080304041509104
0.14593415703865376 0.14593109488487244 -0.0785686605394093
0.14628205153588214 0.14550718665122986 -0.07777557475929596
0.2508196503239143 0.14550718665122986 -0.0777751907712546
0.15029893565168087 0.14061260223388672 -0.07181150434702971
0.15258004911436396 0.1237436980009079 -0.05125665540316564
0.2508195529145693 0.1237436980009079 -0.05125629454931893
0.15889089866057843 0.10616555064916611 -0.03683063180574475
0.25081947297283913 0.09722480177879333 -0.029492813349724395
0.16005194783698157 0.09722480177879333 -0.029493146757460953
0.16758712733104464 0.06941568851470947 -0.014628838259208021
0.25081941357072673 0.0669696107506752 -0.013321074844470038
0.16773500165217115 0.0669696107506752 -0.013321380030555913
0.1731195223495025 0.03443506360054016 -0.0034521125770983763
0.1750028078288225 -4.656609764452924e-09 -2.665699876669425e-07
0.2508193769910383 0.03414081782102585 -0.0033625543128828483
0.1731095009906822 0.03414081782102585 -0.003362839757195951
0.2508193769910383 -0.03414079174399376 -0.0033625543128828483
0.1731095009906822 -0.03414079174399376 -0.003362839757195951
0.1731195223495025 -0.034435052424669266 -0.0034521125770983763
0.25081941357067195 -0.06696958839893341 -0.013321059943308844
0.1677350165532776 -0.06696958839893341 -0.013321365129339985
0.1675871347815705 -0.06941566616296768 -0.01462882335801946
0.2508195529145693 -0.12374371290206909 -0.05125629454931893
0.1600519478368721 -0.09722479432821274 -0.029493116955138565
0.1588909061111043 -0.10616553574800491 -0.03683061690455619
0.2508196503239964 -0.14550721645355225 -0.07777521312299639
0.15258004911436396 -0.12374371290206909 -0.05125665540316564
0.15029893565168087 -0.14061260223388672 -0.07181150434702971
0.25081976145743634 -0.16167892515659332 -0.10803038179916861
0.14628205153596424 -0.14550721645355225 -0.07777559711103775
0.14593415703857165 -0.14593109488487244 -0.0785686381876675
0.2508198820444492 -0.17163744568824768 -0.14085920825620918
0.12674556315266744 -0.16167892515659332 -0.10803083754914702
0.12696911049686813 -0.17500001192092896 -0.17500045178650944
0.12375996787361157 -0.17163744568824768 -0.14085967497333435
0.2508201328566828 -0.17163744568824768 -0.20914078429315547
0.12376021868584514 -0.17163744568824768 -0.20914125101028064
0.12674605513895412 -0.16167892515659332 -0.24197007395075504
0.25082025344372305 -0.16167892515659332 -0.24196961820077661
0.1459348654656058 -0.14593109488487244 -0.27143209509125454
0.2508203645772451 -0.14550717175006866 -0.27222480922869063
0.146282765789213 -0.14550717175006866 -0.272225193216732
0.1502996937194111 -0.14061260223388672 -0.27818923411915886
0.250820461986508 -0.12374371290206909 -0.29874368309888455
0.1588919211625512 -0.10616553574800491 -0.31317005844054896
0.16005301679240796 -0.09722483903169632 -0.3205075051567962
0.25082054192826553 -0.09722483903169632 -0.3205071717490596
0.16758831293626547 -0.06941566616296768 -0.3353717881004235
0.25082060133043266 -0.0669696256518364 -0.3366789251554752
0.16773620431303832 -0.0669696256518364 -0.3366792303415064
0.17312078261275032 -0.034435052424669266 -0.34654845823785446
0.2508206379101211 -0.03414081037044525 -0.3466374456870624
0.17311076190976507 -0.03414081037044525 -0.3466377311313755
0.17500409345069623 -4.656609764452924e-09 -0.3500002904094843
0.2508206379101211 0.03414081782102585 -0.3466374456870624
0.17311076190976507 0.03414081782102585 -0.3466377311313755
0.17312078261275032 0.03443506360054016 -0.34654845823785446
0.25082060133043266 0.0669696256518364 -0.3366789251554752
0.16773618941187712 0.0669696256518364 -0.3366792303415611
0.16758829058452368 0.06941568851470947 -0.3353717881005056
0.15889191371191586 0.10616555064916611 -0.31317004353941513
0.25082046198661745 0.12374367564916611 -0.29874371290120694
0.16005301679257217 0.09722477197647095 -0.3205075498602798
0.2508203645772451 0.14550718665122986 -0.27222480922869063
0.1525809656369927 0.12374367564916611 -0.29874407375502626
0.1502996937194111 0.1406126171350479 -0.27818923411915886
0.14593486546574264 0.14593109488487244 -0.27143213234415753
0.25082025344372305 0.16167894005775452 -0.24196961820077661
0.146282765789213 0.14550718665122986 -0.272225193216732
0.2508201328566828 0.17163744568824768 -0.20914078429315547
0.12674595083082577 0.16167894005775452 -0.24197007395113818
0.25082000745056815 0.17500001192092896 -0.1749999968567627
-0.18617059761377547 0.1451568305492401 -0.27810417741907595
-0.15967242890706035 0.12918256223201752 -0.27810408008586746
-0.1715929406295446 0.11465729027986526 -0.27810412387235195
-0.20584004098255454 0.10233793407678604 -0.27810424966897573
-0.1861713550475647 0.1451568305492401 -0.07189903289589279
-0.1823258719829392 0.0945788100361824 -0.07189901877064477
-0.17159369806333385 0.11465729027986526 -0.07189897934916877
0.14020108705447099 0.18886491656303406 -0.27810297858893823
0.12376021868584514 0.17163744568824768 -0.20914125101028064
-0.18232511454914996 0.0945788100361824 -0.2781041632938279
-0.18232549326605613 0.0945788100361824 -0.17500158788902645
0.10269231875667703 0.21738675236701965 -0.071897971840372
0.0848630197837138 0.18752388656139374 -0.07189803733104397
0.11466040988685294 0.17159682512283325 -0.07189792787911857
0.059789908726601476 0.23687319457530975 -0.07189812942972346
0.04783493061827604 0.20011600852012634 -0.07189817334281005
0.07898041387345228 0.19066812098026276 -0.07189805893906202
0.013632831772071252 0.24635259807109833 -0.07189829897413409
0.009910015066392608 0.20540206134319305 -0.0718983126488034
0.04026542385391518 0.2024121880531311 -0.07189820114716093
-0.03347709993499315 0.2453521192073822 -0.07189847201857566
-0.02788967112681856 0.20363053679466248 -0.07189845149480364
3.127058341767519e-06 0.20637769997119904 -0.071898349038835
-0.07919016698943332 0.23392163217067719 -0.07189863993204684
-0.06467846254464599 0.19500479102134705 -0.07189858662758003
-0.04025918463839284 0.2024121880531311 -0.0718984969305638
-0.09958556512924932 0.1796511560678482 -0.07189871484852738
-0.07897418955909113 0.19066812098026276 -0.07189863913871745
-0.12122658113557305 0.21263131499290466 -0.07189879434041782
-0.13163709858965017 0.15765929222106934 -0.07189883258038365
-0.1146541855724918 0.17159682512283325 -0.0718987701986609
-0.15748989800506413 0.1825428605079651 -0.07189892754301841
-0.1596731863408496 0.12918256223201752 -0.07189893556268427
-0.14592796782554618 0.14593107998371124 -0.07189888507367746
0.10269307619046622 0.21738675236701965 -0.27810311636355517
0.1402003296206818 0.18886491656303406 -0.07189783406575508
0.059790666160390665 0.23687319457530975 -0.2781032739529066
0.013633589205860441 0.24635259807109833 -0.27810344349731725
-0.033476342501203904 0.2453521192073822 -0.27810361654175886
-0.07918940955564407 0.23392163217067719 -0.27810378445523
-0.12122582370178381 0.21263131499290466 -0.27810393886360096
-0.1574891405712749 0.1825428605079651 -0.2781040720662016
0.11974226957261438 0.16742688417434692 -0.278103053738371
0.11466116732064213 0.17159682512283325 -0.27810307240230175
0.08486377721750299 0.18752388656139374 -0.2781031818542271
0.07898117130724147 0.19066812098026276 -0.2781032034622452
0.04783568805206523 0.20011600852012634 -0.27810331786599324
0.04026618128770437 0.2024121880531311 -0.2781033456703441
0.009910772500181797 0.20540206134319305 -0.2781034571719866
3.884492131012163e-06 0.20637769997119904 -0.2781034935620182
-0.027888913693029316 0.20363053679466248 -0.27810359601798684
-0.0402584272046036 0.2024121880531311 -0.278103641453747
-0.06467770511085674 0.19500479102134705 -0.2781037311507632
-0.07897343212530189 0.19066812098026276 -0.27810378366190064
-0.09958480769546008 0.1796511560678482 -0.27810385937171056
-0.11465342813870255 0.17159682512283325 -0.27810391472184404
-0.14592721039175693 0.14593107998371124 -0.27810402959686065
0.10269307619046622 -0.21738675236701965 -0.27810311636355517
0.08486377721750299 -0.18752388656139374 -0.2781031818542271
0.11466116732064213 -0.17159682512283325 -0.27810307240230175
0.1402003296206818 -0.18886491656303406 -0.07189783406575508
0.059790666160390665 -0.23687319457530975 -0.2781032739529066
0.04783577745903239 -0.20011600852012634 -0.27810331786566483
0.07898117130724147 -0.19066812098026276 -0.2781032034622452
0.14020108705447099 -0.18886491656303406 -0.27810297858893823
0.10269231875667703 -0.21738675236701965 -0.071897971840372
0.1197415121388252 -0.16742688417434692 -0.07189790921518785
0.11466040988685294 -0.17159682512283325 -0.07189792787911857
0.0848630197837138 -0.18752388656139374 -0.07189803733104397
0.07898041387345228 -0.19066812098026276 -0.07189805893906202
0.059789908726601476 -0.23687319457530975 -0.07189812942972346
0.013633589205860441 -0.24635259807109833 -0.27810344349731725
0.0478350200252432 -0.20011600852012634 -0.07189817334248165
0.04026542385391518 -0.2024121880531311 -0.07189820114716093
0.013632831772071252 -0.24635259807109833 -0.07189829897413409
0.009910015066392608 -0.20540206134319305 -0.0718983126488034
3.127058341767519e-06 -0.20637769997119904 -0.071898349038835
0.009910772500181797 -0.20540206134319305 -0.2781034571719866
0.04026618128770437 -0.2024121880531311 -0.2781033456703441
-0.033476342501203904 -0.2453521192073822 -0.27810361654175886
-0.027888913693029316 -0.20363053679466248 -0.27810359601798684
3.884492131012163e-06 -0.20637769997119904 -0.2781034935620182
-0.07918940955564407 -0.23392163217067719 -0.27810378445523
-0.06467770511085674 -0.19500479102134705 -0.2781037311507632
-0.0402584272046036 -0.2024121880531311 -0.278103641453747
-0.03347709993499315 -0.2453521192073822 -0.07189847201857566
-0.02788967112681856 -0.20363053679466248 -0.07189845149480364
-0.04025918463839284 -0.2024121880531311 -0.0718984969305638
-0.07919016698943332 -0.23392163217067719 -0.07189863993204684
-0.12122582370178381 -0.21263131499290466 -0.27810393886360096
-0.06467846254464599 -0.19500479102134705 -0.07189858662758003
-0.07897418955909113 -0.19066812098026276 -0.07189863913871745
-0.09958480769546008 -0.1796511560678482 -0.27810385937171056
-0.07897343212530189 -0.19066812098026276 -0.27810378366190064
-0.1316364305628281 -0.15765929222106934 -0.27810397710389523
-0.11465342813870255 -0.17159679532051086 -0.27810391472184404
-0.12122658113557305 -0.21263131499290466 -0.07189879434041782
-0.1574891405712749 -0.18254268169403076 -0.2781040720662016
-0.14592721039175693 -0.14593110978603363 -0.27810402959686065
-0.15967242890706035 -0.12918253242969513 -0.27810408008586746
-0.15748989800506413 -0.18254268169403076 -0.07189892754301841
-0.18617059761377547 -0.14515678584575653 -0.27810417741907595
-0.14592796782554618 -0.14593110978603363 -0.07189888507367746
-0.1596731863408496 -0.12918253242969513 -0.07189893556268427
-0.1146541855724918 -0.17159679532051086 -0.0718987701986609
-0.13163718799661733 -0.15765929222106934 -0.07189883258071207
-0.1861713550475647 -0.14515678584575653 -0.07189903289589279
-0.17159369806333385 -0.11465737968683243 -0.07189897934916877
-0.1715929406295446 -0.11465737968683243 -0.27810412387235195
-0.18232511454914996 -0.09457878023386002 -0.2781041632938279
-0.20584079841634378 -0.10233791917562485 -0.07189910514579255
-0.1823258719829392 -0.09457878023386002 -0.07189901877064477
-0.18232549326605613 -0.09457878023386002 -0.17500158788902645
-0.20584004098255454 -0.10233791917562485 -0.27810424966897573
3.1267413712621206e-06 0.20637769997119904 -0.07181205641436202
0.03414364353219204 0.17163744568824768 -7.83974588830505e-07
0.04026542353694468 0.2024121880531311 -0.07181190852268794
0.06697245136278113 0.16167892515659332 -6.633876443729037e-07
0.07898041355648178 0.19066812098026276 -0.07181176631458903
0.09722764984127574 0.14550718665122986 -5.522540948987853e-07
0.11466040956988244 0.17159682512283325 -0.07181163525464558
0.12374645665624423 0.1237436980009079 -4.5484507837922905e-07
0.14593413221829205 0.14593109488487244 -0.07181152037984795
0.14550996020758056 0.09722480177879333 -3.7490326607048097e-07
0.16168172106457673 0.0669696107506752 -3.155010715460982e-07
0.17164022669500273 0.03414081782102585 -2.7892143786290013e-07
0.17164022669500273 -0.03414079174399376 -2.7892143786290013e-07
0.16168172851515733 -0.06696958839893341 -3.1550104417910063e-07
0.14550996020758056 -0.09722479432821274 -3.7490326607048097e-07
0.14593413221829205 -0.14593109488487244 -0.07181152037984795
0.12374645665624423 -0.12374371290206909 -4.5484507837922905e-07
0.11466040956988244 -0.17159682512283325 -0.07181163525464558
0.09722764984127574 -0.14550721645355225 -5.522540948987853e-07
0.07898041355648178 -0.19066812098026276 -0.07181176631458903
0.06697245136278113 -0.16167892515659332 -6.633876443729037e-07
0.04026542353694468 -0.2024121880531311 -0.07181190852268794
0.03414364353219204 -0.17163744568824768 -7.83974588830505e-07
3.1267413712621206e-06 -0.20637769997119904 -0.07181205641436202
-0.03413793250475422 -0.17163744568824768 -1.0347868223958834e-06
-0.04025918495536335 -0.2024121880531311 -0.07181220430609081
-0.06696674033534328 -0.16167892515659332 -1.1553737668534847e-06
-0.07897418987606164 -0.19066812098026276 -0.07181234651424447
-0.09722193881383795 -0.14550717175006866 -1.2665073162998475e-06
-0.1146541858894623 -0.17159679532051086 -0.0718124775741879
-0.1237408499369348 -0.12374371290206909 -1.363916715985125e-06
-0.14592796814251668 -0.14593110978603363 -0.07181259244920447
-0.14550435348827112 -0.09722483903169632 -1.4438585282938732e-06
-0.17159369838030436 -0.11465737968683243 -0.07181268672469578
-0.16167607709236426 -0.0669696256518364 -1.5032605859555126e-06
-0.190664979336444 -0.07897736877202988 -0.07181275677742231
-0.17163452311814548 -0.03414081037044525 -1.5398400007304858e-06
-0.2024090911127167 -0.040262311697006226 -0.07181279991595362
-0.17499714895544888 -4.656609764452924e-09 -1.5521916151284287e-06
-0.2063745583272743 -4.656609764452924e-09 -0.07181281448192803
-0.2024090911127167 0.04026231914758682 -0.07181279991595362
-0.17163452311814548 0.03414081782102585 -1.5398400007304858e-06
-0.190664979336444 0.07897737622261047 -0.07181275677742231
-0.16167607709236426 0.0669696256518364 -1.5032605859555126e-06
-0.17159369838030436 0.11465729027986526 -0.07181268672469578
-0.14550435348827112 0.09722477197647095 -1.4438585282938732e-06
-0.14592796814251668 0.14593107998371124 -0.07181259244920447
-0.1237408499369348 0.12374367564916611 -1.363916715985125e-06
-0.1146541858894623 0.17159682512283325 -0.0718124775741879
-0.09722193881383795 0.14550718665122986 -1.2665073162998475e-06
-0.07897418987606164 0.19066812098026276 -0.07181234651424447
0.16168300668645047 0.0669696107506752 -0.35000033934056823
0.17164151231687647 0.03414081782102585 -0.3500003027609345
0.17164151231687647 -0.03414079174399376 -0.3500003027609345
-0.06696674033534328 0.16167894005775452 -1.1553737668534847e-06
-0.04025918495536335 0.2024121880531311 -0.07181220430609081
-0.03413793250475422 0.17163744568824768 -1.0347868223958834e-06
-0.034136646882880484 0.17163744568824768 -0.3500010586263191
3.884809101517561e-06 0.20637769997119904 -0.27818978618649115
4.148586173258195e-06 0.17500001192092896 -0.3500009332201749
-0.04025842688763309 0.2024121880531311 -0.27818993407821996
-0.06696545471346954 0.16167894005775452 -0.35000117921326357
-0.07897343180833138 0.19066812098026276 -0.2781900762863736
-0.09722065319196421 0.14550718665122986 -0.350001290346813
-0.11465342782173205 0.17159682512283325 -0.27819020734631705
-0.12373956431506106 0.12374367564916611 -0.3500013877562127
-0.14592721007478643 0.14593107998371124 -0.2781903222213336
-0.13163634115586093 0.15765929222106934 -0.2781039771035668
-0.14550306786639738 0.09722477197647095 -0.350001467698025
-0.1715929403125741 0.11465729027986526 -0.2781904164968249
-0.16167479147049052 0.0669696256518364 -0.35000152710008264
-0.19066422126871374 0.07897737622261047 -0.2781904865495515
-0.19066460030259041 0.07897737622261047 -0.17500161852027696
-0.17163323749627174 0.03414081782102585 -0.3500015636794974
-0.20240871207886313 0.04026231914758682 -0.1750016616588083
-0.20240833304498645 0.04026231914758682 -0.2781905296880828
-0.17499586333357514 -4.656609764452924e-09 -0.3500015760311118
-0.20637417929342072 -4.656609764452924e-09 -0.1750016762247827
-0.20637380025954405 -4.656609764452924e-09 -0.2781905442540572
-0.20240833304498645 -0.040262311697006226 -0.2781905296880828
-0.17163323749627174 -0.03414081037044525 -0.3500015636794974
-0.20240871207886313 -0.040262311697006226 -0.1750016616588083
-0.19066422126871374 -0.07897736877202988 -0.2781904865495515
-0.16167479147049052 -0.0669696256518364 -0.35000152710008264
-0.19066460030259041 -0.07897736877202988 -0.17500161852027696
-0.1715929403125741 -0.11465737968683243 -0.2781904164968249
-0.14550306786639738 -0.09722483903169632 -0.350001467698025
-0.14592721007478643 -0.14593110978603363 -0.2781903222213336
-0.12373956431506106 -0.12374371290206909 -0.3500013877562127
-0.11465342782173205 -0.17159679532051086 -0.27819020734631705
-0.09722065319196421 -0.14550717175006866 -0.350001290346813
-0.07897343180833138 -0.19066812098026276 -0.2781900762863736
-0.06696545471346954 -0.16167892515659332 -0.35000117921326357
-0.09958556512924932 -0.1796511560678482 -0.07189871484852738
-0.04025842688763309 -0.2024121880531311 -0.27818993407821996
-0.034136646882880484 -0.17163744568824768 -0.3500010586263191
3.884809101517561e-06 -0.20637769997119904 -0.27818978618649115
4.148586173258195e-06 -0.17500001192092896 -0.3500009332201749
0.03414492915406578 -0.17163744568824768 -0.3500008078140855
0.04026618160467488 -0.2024121880531311 -0.2781896382948171
0.06697373698465486 -0.16167892515659332 -0.35000068722714106
0.07898117162421198 -0.19066812098026276 -0.27818949608671817
0.09722893546314948 -0.14550721645355225 -0.3500005760935916
0.11466116763761264 -0.17159682512283325 -0.2781893650267747
0.12374774227811797 -0.12374371290206909 -0.35000047868457507
0.11974206724733105 -0.16742688417434692 -0.22302165271845414
0.11974226957261438 -0.16742688417434692 -0.278103053738371
0.1455112458294543 -0.09722479432821274 -0.3500003987427628
0.15258095818630263 -0.12374371290206909 -0.29874404395273124
0.14593489028602227 -0.14593109488487244 -0.2781892501519771
0.16168301413703107 -0.06696958839893341 -0.35000033934054087
0.1455112458294543 0.09722480177879333 -0.3500003987427628
0.14593489028602227 0.14593109488487244 -0.2781892501519771
0.11466116763761264 0.17159682512283325 -0.2781893650267747
0.12374774227811797 0.1237436980009079 -0.35000047868457507
0.09722893546314948 0.14550718665122986 -0.3500005760935916
0.11974206724719422 0.16742688417434692 -0.22302161546555116
0.1197415121388252 0.16742688417434692 -0.07189790921518785
0.07898117162421198 0.19066812098026276 -0.27818949608671817
0.06697373698465486 0.16167892515659332 -0.35000068722714106
0.04026618160467488 0.2024121880531311 -0.2781896382948171
0.03414492915406578 0.17163744568824768 -0.3500008078140855
0.25081936463964283 -4.656609764452924e-09 1.1919775722013526e-08
0.25081947297272966 -0.09722479432821274 -0.029492783547402007
0.11974171446408116 -0.16742688417434692 -0.12697930278452413
0.25082000745056815 -0.17500001192092896 -0.1749999968567627
0.25082065026151656 -4.656609764452924e-09 -0.35000001191972097
0.25082054192842973 0.09722477197647095 -0.3205072164525432
-0.20584079841634378 0.10233793407678604 -0.07189910514579255
2.8629642995214866e-06 0.17500001192092896 -9.093806782323188e-07
2.8629642995214866e-06 -0.17500001192092896 -9.093806782323188e-07
F
0 1 2
2 3 4
5 6 7
8 9 10
11 10 12
13 14 15
16 17 18
19 20 21
22 19 23
22 23 24
25 26 27
28 29 30
31 32 33
34 35 36
37 34 38
39 37 40
41 39 42
42 43 41
44 43 45
46 47 48
49 50 51
52 51 53
54 55 56
57 58 59
60 59 61
60 61 62
63 64 65
66 67 68
69 70 71
72 73 74
75 73 76
75 1 77
16 34 54
78 79 80
81 82 78
82 83 84
85 1 86
81 87 88
89 90 91
92 93 94
95 96 97
98 99 100
101 102 103
101 104 105
106 107 108
109 110 111
112 113 85
114 89 112
115 92 114
116 95 115
117 98 116
118 101 117
119 106 118
78 109 119
85 120 121
112 122 123
114 124 125
115 126 127
116 128 129
117 130 131
118 132 133
119 134 79
135 136 137
39 40 138
139 140 141
138 135 142
143 139 135
138 144 145
143 146 147
148 149 139
148 150 151
152 153 154
149 155 156
157 158 159
152 157 149
160 161 162
163 160 157
163 164 165
166 167 160
166 168 169
160 170 171
167 172 173
174 175 167
176 175 177
178 179 175
178 180 181
174 182 183
184 181 185
186 179 187
188 189 190
184 191 179
192 193 194
194 195 196
196 197 198
198 199 200
201 12 10
202 15 14
203 18 17
203 21 18
204 23 19
205 27 26
206 30 29
207 33 32
208 209 207
210 211 209
212 213 211
214 215 213
215 216 217
217 218 219
219 220 221
221 222 223
223 224 225
225 226 227
227 228 229
229 230 231
230 232 231
233 234 232
235 236 234
237 238 236
239 240 238
241 242 240
243 244 245
246 247 242
248 192 247
249 250 251
252 129 128
192 100 99
253 252 249
254 131 130
247 103 102
255 254 253
256 133 132
242 105 104
257 256 255
258 134 259
240 108 107
260 258 257
261 80 79
238 111 110
262 261 260
87 261 263
83 264 234
265 263 262
266 263 267
232 264 266
268 267 265
269 267 270
231 266 269
271 268 272
273 270 271
229 269 273
274 272 275
276 271 274
227 273 276
277 275 278
277 186 187
276 190 189
279 278 280
279 177 277
225 185 181
281 280 282
281 173 172
223 180 183
283 282 284
283 171 170
221 182 285
286 284 287
286 162 161
219 169 168
288 287 289
288 159 158
217 165 164
290 288 289
291 156 155
215 154 153
292 291 290
293 140 291
213 151 150
294 293 292
295 136 293
211 147 146
296 295 294
43 297 298
209 145 144
299 50 300
47 301 48
207 35 33
302 53 51
245 56 55
245 59 58
59 59 59
244 61 59
243 65 64
303 66 68
304 71 70
304 74 71
200 7 6
305 306 307
120 308 76
4 3 309
310 307 311
310 123 122
198 91 90
312 311 313
312 125 124
196 94 93
250 313 251
250 127 126
194 97 96
206 205 201
0 77 1
4 5 0
0 2 4
7 8 5
5 4 6
10 11 8
8 7 9
12 14 11
14 13 11
15 17 16
16 13 15
18 21 20
20 16 18
19 314 20
22 314 19
24 26 25
25 22 24
27 29 315
315 25 27
30 32 28
28 315 29
33 35 31
31 28 32
36 38 34
34 31 35
38 316 40
40 37 38
39 317 37
41 317 39
297 43 42
43 44 41
45 47 44
47 46 44
48 300 46
300 49 46
51 52 49
49 300 50
53 55 54
54 52 53
56 58 57
57 54 56
59 59 318
318 57 59
60 318 59
64 63 62
63 60 62
68 319 65
319 63 65
70 67 66
67 319 68
71 74 69
69 67 70
76 73 72
73 69 74
308 86 76
86 75 76
75 86 1
73 75 5
75 77 5
77 0 5
5 8 11
11 13 16
16 20 314
314 22 16
22 25 16
25 315 28
28 31 25
31 34 25
34 37 317
317 41 44
44 46 49
49 52 44
52 54 44
54 57 318
318 60 63
63 319 67
67 69 73
5 11 73
11 16 73
34 317 44
54 318 73
318 63 73
63 67 73
16 25 34
34 44 54
73 16 54
80 87 78
87 81 78
81 320 82
84 110 82
82 320 83
308 120 85
85 113 1
113 309 3
1 113 2
3 2 113
86 308 85
88 83 320
320 81 88
91 309 113
113 89 91
94 90 89
89 92 94
93 92 97
92 95 97
96 95 100
95 98 100
103 99 98
98 101 103
105 102 101
101 106 104
108 104 106
106 109 107
111 107 109
109 82 110
112 89 113
114 92 89
115 95 92
116 98 95
117 101 98
118 106 101
119 109 106
78 82 109
121 122 112
112 85 121
123 124 114
114 112 123
125 126 115
115 114 125
127 128 116
116 115 127
129 130 117
117 116 129
131 132 117
132 118 117
133 259 118
259 119 118
79 78 119
119 259 134
137 298 142
142 135 137
144 138 316
138 142 39
142 298 297
142 297 42
40 316 138
142 42 39
141 136 135
135 139 141
138 143 135
143 148 139
145 146 143
143 138 145
147 150 148
148 143 147
148 152 149
151 153 152
152 148 151
154 164 163
163 152 154
156 140 139
139 149 156
159 155 149
149 157 159
152 163 157
162 158 157
157 160 162
163 166 160
165 168 166
166 163 165
166 174 167
169 285 166
285 174 166
171 161 160
160 167 170
173 170 167
167 175 172
174 178 175
172 175 176
175 179 177
178 184 179
181 184 178
178 183 180
183 178 174
174 285 182
185 189 184
189 188 184
177 179 186
179 191 187
187 191 190
191 188 190
184 188 191
192 321 193
194 193 195
196 195 197
198 197 199
10 9 200
200 199 10
199 201 10
14 12 201
201 202 14
17 15 202
202 203 17
203 19 21
204 24 23
24 204 26
204 205 26
27 205 29
205 206 29
32 30 206
206 208 32
208 207 32
208 210 209
210 212 211
212 214 213
214 322 215
215 322 216
217 216 218
219 218 220
221 220 222
223 222 224
225 224 226
227 226 228
229 228 230
230 233 232
233 235 234
235 237 236
237 239 238
239 241 240
241 246 242
244 59 59
59 245 244
245 302 243
302 299 243
299 296 303
243 299 303
296 294 307
294 292 311
292 290 313
290 289 251
289 287 251
287 284 249
251 287 249
284 282 253
282 280 255
253 282 255
280 278 257
278 275 260
257 278 260
275 272 265
272 268 265
265 262 275
262 260 275
257 255 280
253 249 284
251 313 290
313 311 292
311 307 294
307 306 296
306 303 296
246 248 247
248 321 192
249 252 250
127 250 128
250 252 128
99 103 247
247 192 99
253 254 252
129 252 130
252 254 130
102 105 242
242 247 102
255 256 254
131 254 132
254 256 132
104 108 240
240 242 104
257 258 256
133 256 259
256 258 259
107 111 238
238 240 107
260 261 258
134 258 79
258 261 79
110 84 236
236 238 110
262 263 261
87 80 261
263 264 87
264 88 87
83 88 264
234 236 83
236 84 83
265 267 263
266 264 263
232 234 264
268 270 267
269 266 267
231 232 266
271 270 268
273 269 270
229 231 269
274 271 272
276 273 271
227 229 273
277 274 275
190 276 187
276 274 187
274 277 187
185 225 189
225 227 189
227 276 189
279 277 278
176 177 279
177 186 277
181 180 223
223 225 181
281 279 280
172 176 279
279 281 172
183 182 221
221 223 183
283 281 282
170 173 281
281 283 170
285 169 219
219 221 285
286 283 284
161 171 283
283 286 161
168 165 217
217 219 168
288 286 287
158 162 286
286 288 158
164 154 215
215 217 164
290 291 288
155 159 288
288 291 155
153 151 213
213 215 153
292 293 291
141 140 293
140 156 291
150 147 211
211 213 150
294 295 293
137 136 295
136 141 293
146 145 209
209 211 146
296 301 295
137 295 298
295 301 298
301 45 298
45 43 298
144 316 38
38 36 144
36 207 144
207 209 144
300 48 301
301 296 300
296 299 300
47 45 301
207 36 35
51 50 299
299 302 51
55 53 302
302 245 55
58 56 245
59 59 58
244 62 61
62 244 64
244 243 64
65 243 68
243 303 68
66 303 70
303 306 70
306 304 70
304 72 74
200 9 7
305 304 306
76 72 120
72 304 120
304 305 120
305 121 120
91 198 309
198 200 309
200 6 309
6 4 309
310 305 307
121 305 122
305 310 122
90 94 196
196 198 90
312 310 311
123 310 124
310 312 124
93 97 194
194 196 93
250 312 313
126 125 312
312 250 126
96 100 192
192 194 96
204 19 203
203 202 204
202 201 205
204 202 205
201 199 208
199 197 210
197 195 210
195 193 212
210 195 212
193 321 322
321 248 216
248 246 216
246 241 218
216 246 218
241 239 222
239 237 224
237 235 224
235 233 226
224 235 226
233 230 228
228 226 233
224 222 239
222 220 241
220 218 241
216 322 321
322 214 193
214 212 193
210 208 199
208 206 201
